J_eq = 5.6509e-6;
b_eq = 15.000e-6;
r = 314.3008;


Pp = 3;
Rs = 1.02;
Ld = 6.6e-3;
Lls = 0.8e-3;
Lq = 5.8e-3;
lambda_m = 0.01546;

Cts = 0.818;
Rtsamb = 146.7;
a_cu = 3.9e-3;
T_amb = 40;
Ts_ref = 40;
Rs_ref = 1.02;

Vq = 19.596;
Vd = Vq/10;
Id_0 = 0;
Tlmax = 6.28;
T_0 = 40;

Kw=10.2234e6;
Ktheta=6397.34;